"","Mínimo","Q1","Media","Media recortada","Mediana","Moda","Varianza","Desviación Estándar","Q3","Máximo","Simetría","Curtosis"
"CA",0,0.144578313253012,0.280702381939288,0.273788943732811,0.240963855421687,0.228915662650602,0.0326006966679502,0.180556630085827,0.385542168674699,1,0.972590139119417,0.867449273317697
"CA.G",0,0.025,0.0826351268160552,0.0714767434338207,0.0553571428571429,0.0714285714285714,0.0116502584564941,0.107936362994563,0.09375,1,4.36276120547843,26.312170667519
"CA.S",0,0.153701836917563,0.281044414904814,0.27127794720998,0.225806451612903,0.17741935483871,0.0342049300992063,0.184945749070386,0.370967741935484,1,1.39587125172321,1.89716172888768
"Total.CA",0,0.132791327913279,0.19927441209896,0.192354508290846,0.177506775067751,0.143631436314363,0.0123596759556369,0.111174079513333,0.241192411924119,1,2.46557979013014,11.7452349512276
"DHPAA",0,0.189609375,0.322310987903226,0.314152542372881,0.2896875,0.0475,0.0362577616057509,0.190414709530936,0.408359375,1,1.12044748150964,1.42301019105206
"DHPAA.G",0,0.077468487394958,0.177329855504614,0.164723995714719,0.137605042016807,0.118925831202046,0.0244943621575439,0.15650674796169,0.216911764705882,1,2.44429860127488,7.43579184124847
"DHPAA.GG",0,0.0447115384615385,0.137260933752967,0.12535992516935,0.0820512820512821,0.0722658294086865,0.0227138040881882,0.150710995246492,0.157211538461538,1,2.39808472554216,6.88287578392888
"DHPAA.GS",0,0.09375,0.174283583558648,0.164283042840254,0.142857142857143,0.138886603028308,0.0175930104144035,0.132638646006372,0.211734693877551,1,2.36936706151176,8.53646870114936
"DHPAA.SS",0,0.118090452261307,0.225197771033385,0.216028056951424,0.193467336683417,NA,0.0261646978820622,0.161755055197858,0.288316582914573,1,1.62546230186967,3.51954485989924
"Total.DHPAA",0,0.157119476268412,0.285475763083862,0.276578902525531,0.245148468552724,0.128594809445873,0.0348279063792599,0.186622363020244,0.365910685059621,1,1.26405187722315,1.95720035114363
"TFA.G",0,0.014827018121911,0.0694498923493981,0.0594703899563412,0.0395387149917628,NA,0.0112219001217785,0.105933470262134,0.0884129599121362,1,5.19455132761241,37.2889477115063
"TFA.S",0,0.00952211970664774,0.0447985754977602,0.0321412063490154,0.0200845753489472,0.0200845753489472,0.010392493653445,0.101943580736822,0.0399367163472912,1,6.58927616471914,51.3038932639301
"Total.TFA",0,0.0102413155590153,0.0455305379692203,0.0342083606143717,0.0228665953099153,0,0.00898606114605057,0.0947948371276124,0.0449912425805196,1,6.69835956735159,54.9302244913929
"VA",0,0.121501272264631,0.245889320417243,0.236941938468656,0.195080576759966,NA,0.0331577533502593,0.182092705373552,0.340330788804071,1,1.39934807661391,2.95880962181104
"VA.GG",0,0.0776065187512272,0.162662580835175,0.150777321481462,0.124926369526802,0.0967013548007069,0.019421038339404,0.139359385544728,0.208042902022384,1,2.81869847391365,11.1244689517127
"VA.S",0,0.116910229645094,0.213377140445144,0.204183318421314,0.173973556019485,NA,0.021343617870576,0.146094551132395,0.26026443980515,1,2.06580918331098,5.9463736210959
"VA.GS",0,0.170116054158607,0.324173232061141,0.317189902296285,0.276208897485493,NA,0.041034707270325,0.202570252678731,0.44651837524178,1,0.866884371133578,0.236892854943167
"VA.SS",0,0.0921536199926497,0.210930900898086,0.199460659673406,0.151231165012863,0.0973591641728356,0.0331188665622085,0.18198589660248,0.285740536567438,1,1.65999669383555,3.05267264872443
"Total.VA",0,0.107629398238535,0.202608153177172,0.192273314552416,0.170571391383574,0.0960128422057356,0.0223018412000011,0.149338009897016,0.245574645320838,1,2.20166540068635,7.0206839487651
